# bin_6_6
1.862827346741549306e+01
1.700683554871384473e+01
1.546406586916540604e+01
1.411170139783135724e+01
1.243676325515221670e+01
1.078519521976904194e+01
9.075137002120355234e+00
7.387592881898350505e+00
5.786356897022783663e+00
4.348334685782941023e+00
3.143047693253839370e+00
2.214100326029169175e+00
1.560086300504328172e+00
1.131433007451477568e+00
8.518864782700291682e-01
6.535851894346746960e-01
4.966913059071885184e-01
3.653418053098342888e-01
2.564356286248646866e-01
1.683875110726220647e-01
1.026778202903825404e-01
5.761440312043974998e-02
