# bin_3_3
2.285734762419214050e+01
2.138420492042715537e+01
1.997747050484540310e+01
1.872852724363182375e+01
1.715776794556407125e+01
1.556353712486734686e+01
1.384880574054047386e+01
1.205971453505986801e+01
1.022628701414252106e+01
8.399071003286893600e+00
6.643794627444473022e+00
5.038637727190581117e+00
3.661592973723372779e+00
2.570618278796418021e+00
1.781904850643730054e+00
1.258981177438024845e+00
9.258786074415450429e-01
7.024030532103510138e-01
5.346071143499173672e-01
3.972086485407055889e-01
2.817117360991046038e-01
1.873177490859188332e-01
