# bin_5_5
3.859489389503792722e+01
3.619065463435572383e+01
3.389474126389769992e+01
3.185511553249317274e+01
2.928676951047137678e+01
2.667408010684622255e+01
2.385498181447505317e+01
2.090015767810515612e+01
1.785219131611759025e+01
1.478674159084724238e+01
1.180523030817455421e+01
9.033439645427975506e+00
6.604690048172593642e+00
4.630277031717219494e+00
3.162423557147268305e+00
2.167720037080776763e+00
1.535059044167406128e+00
1.125987986829198650e+00
8.347676440964495459e-01
6.079734123310571725e-01
4.253574882409409397e-01
2.820210238782898671e-01
