# bin_10_10
3.240683755556113255e+01
2.974815457110073069e+01
2.721507237182044037e+01
2.498611219999728661e+01
2.221514577994312134e+01
1.946245793566213678e+01
1.658442455756975420e+01
1.370420012452417602e+01
1.091873863286891400e+01
8.353191537624345742e+00
6.132543416023516158e+00
4.353905401067884817e+00
3.050327909037076513e+00
2.170702553041225613e+00
1.597098787724074986e+00
1.199972510488877431e+00
8.925249411751000617e-01
6.442950538392158144e-01
4.537262394519205322e-01
3.026146252530310110e-01
1.943845585520405927e-01
1.213245300153837219e-01
