# bin_7_7
1.763970463082429063e+01
1.599810374702984106e+01
1.443945853483407227e+01
1.308058715548084017e+01
1.140559206512714319e+01
9.770532940820103818e+00
8.099125253080742937e+00
6.479700951694178812e+00
4.980403077575703108e+00
3.676365021715823023e+00
2.625740450816105298e+00
1.851030544170698233e+00
1.326227347287429525e+00
9.857239228734933079e-01
7.550342724676226691e-01
5.805487831459534842e-01
4.355966983571723516e-01
3.127017431374936596e-01
2.132333366553718634e-01
1.350146758867085406e-01
7.924878577949469316e-02
4.277595252635343209e-02
