# bin_9_9
3.348557178759057251e+01
3.085575629458295310e+01
2.834829392706213724e+01
2.613664681816034729e+01
2.338017717684237695e+01
2.062858535089369738e+01
1.773318494354217378e+01
1.480842521708877513e+01
1.194352122914762759e+01
9.259221816728398835e+00
6.883763393279619613e+00
4.928751609865092753e+00
3.452433724884532040e+00
2.431444422386043414e+00
1.763928955634084250e+00
1.315441657222946592e+00
9.815870919278925077e-01
7.173448992920756773e-01
5.135445314596199795e-01
3.498058932696274659e-01
2.293556508346232536e-01
1.456830838985242738e-01
