# bin_9_9
1.583306874121513630e+01
1.417628085427199736e+01
1.261100572872398473e+01
1.126225966581059623e+01
9.615340827114010835e+00
8.040976666617835278e+00
6.472424505432954334e+00
5.006905615486615169e+00
3.713198033494181427e+00
2.653610733491958751e+00
1.857593573081502747e+00
1.309550563219407548e+00
9.529050646273732328e-01
7.169854665883860223e-01
5.474401627835843165e-01
4.150315298673096231e-01
3.068744385075056758e-01
2.160958412706502629e-01
1.392352572660259524e-01
8.299143686138404918e-02
4.513680311559199743e-02
2.249038205726124062e-02
