# bin_1_1
5.320548517730774307e+01
4.347774832645904297e+01
4.271352591863794856e+01
4.636369707087566638e+01
4.329331749238320981e+01
4.237127450882133672e+01
4.037342237920517363e+01
3.827236725634760717e+01
3.605289146516779653e+01
3.364953228623615900e+01
3.106188739189580872e+01
2.829043186967880530e+01
2.534805148966782085e+01
2.226195234846721505e+01
1.907898962966311984e+01
1.587146775262983667e+01
1.273957027492222771e+01
9.807629929951206194e+00
7.209668839556843345e+00
5.061910815678396069e+00
3.427551532640725984e+00
2.288886097217321502e+00
