# bin_2_2
4.528100748222137639e+01
4.313523556667226444e+01
4.154449438735526456e+01
4.008147373719737061e+01
3.777511139076094082e+01
3.569542619014649887e+01
3.331821062412529244e+01
3.076699559506870685e+01
2.803141483991137761e+01
2.512462800947966102e+01
2.207226658026825561e+01
1.891999538469158892e+01
1.573950142440584976e+01
1.263089423381096132e+01
9.719586576467476036e+00
7.142108419292557464e+00
5.018287015466517786e+00
3.414021960687764867e+00
2.310652292410282804e+00
1.605263705236841254e+00
1.155536955836291568e+00
8.432419195857954186e-01
