# bin_8_8
3.455766289663434065e+01
3.196754742165573759e+01
2.949636286077567604e+01
2.731191432676775577e+01
2.458230669197601870e+01
2.184447252748158519e+01
1.894533817240904838e+01
1.598951688915509273e+01
1.305699278456707013e+01
1.026150250860184521e+01
7.731144830636787368e+00
5.588949990337082063e+00
3.917887439678208850e+00
2.726909523767976129e+00
1.939798284683225349e+00
1.426272491424773747e+00
1.064922134142146870e+00
7.885306422612894384e-01
5.731756972405795958e-01
3.986176571622711551e-01
2.659801171372891404e-01
1.708680114148059537e-01
