# bin_1_1
2.862141946384640789e+01
2.668252459739457549e+01
2.604195530071673303e+01
2.587909286123118946e+01
2.438550447508344732e+01
2.324562444869809497e+01
2.193611525859765621e+01
2.051419543884290420e+01
1.898212993267755166e+01
1.734005877237998661e+01
1.559334800149992262e+01
1.375665718857558417e+01
1.185595870339567348e+01
9.932156702849530561e+00
8.042978112582970240e+00
6.261485091453115714e+00
4.668536748383667501e+00
3.337396260989781371e+00
2.312480073985561546e+00
1.590702989114384902e+00
1.118891924092930479e+00
8.156992097571141853e-01
