# bin_4_4
2.117861271504819598e+01
1.963183533526374447e+01
1.815568691375772303e+01
1.684948785829882567e+01
1.521519021472297872e+01
1.357206934371978413e+01
1.182672521597753601e+01
1.003902186243298722e+01
8.254063883297909854e+00
6.537698108898717386e+00
4.966280553517406382e+00
3.616610252014745619e+00
2.545947070873530560e+00
1.770603725941024775e+00
1.255220777127432408e+00
9.257319177397139720e-01
7.039576966301340777e-01
5.372008622955029011e-01
4.004623711676518205e-01
2.853333734781205999e-01
1.910195901718067524e-01
1.184293371444526816e-01
