# theta (arcmin), gt, err(shape_noise),  cross term
2.951081533465453322e-01 1.640020169483995477e-03 3.251735283229958973e-03 4.170620743256745096e-03
4.112099438110229377e-01 -1.338838266446795797e-04 2.349220236586876780e-03 -9.481965785354632423e-04
5.729886347480820374e-01 -1.312171544836349916e-04 1.679891009254876793e-03 -1.459861524831796960e-03
7.984144850868514220e-01 2.251299163054166965e-03 1.205549538749543228e-03 1.164602334227711521e-03
1.112527633775437286e+00 4.592973591795342634e-04 8.639518418149128715e-04 -1.169719042162313191e-03
1.550219540141903884e+00 1.997594607905133943e-04 6.189950471753912029e-04 1.164299900887097276e-03
2.160108701733924885e+00 5.560301057844529212e-04 4.438513766416454873e-04 -6.961941405373132550e-04
3.009941161546383803e+00 9.887837459804283584e-05 3.194245528685567184e-04 -2.878313363745176523e-04
4.194115689038664385e+00 -1.399921375559421793e-05 2.296197650225167692e-04 -2.128585025680711712e-05
5.844169526557435823e+00 2.602341899779155357e-04 1.646672458531683772e-04 7.761541633117478422e-05
8.143389450225468451e+00 3.398335639441659258e-05 1.183785699729849580e-04 2.632034075871028428e-04
1.134717113127735288e+01 -4.409376009081954190e-05 8.495110667495529388e-05 2.214660849510541904e-05
1.581138830084189273e+01 8.541442710035374681e-05 6.095715010703941426e-05 1.674539452283201594e-05
2.203192294429222997e+01 3.352275093505550680e-05 4.378845606669764661e-05 5.284025771226350551e-05
3.069974751030460780e+01 1.282320314743551298e-05 3.144084614973990547e-05 -2.735246026812650155e-06
4.277767762621098058e+01 6.556264282861670571e-05 2.262272975222886468e-05 -1.551793028946360419e-05
5.960732095525546015e+01 1.538762929645554558e-05 1.629570536586441023e-05 -2.295868363416890326e-05
8.305810199677138428e+01 1.465074173517707865e-05 1.175168776031948657e-05 -4.512608919273947035e-06
1.157349163953297619e+02 1.114778110228680077e-05 8.494405270932117613e-06 -1.580184330652950848e-07
1.612674808479808632e+02 2.704287654849778341e-05 6.165049118783086124e-06 3.537625860514838078e-06
2.247135193861282971e+02 1.388175384617333374e-05 4.496172645927800946e-06 -8.373445761836204938e-06
3.131205716699954564e+02 1.857510145973517265e-05 3.297903609429473735e-06 3.686793244433467902e-06
4.363088285510480091e+02 1.964087135228504915e-05 2.435631266268880173e-06 -5.428155706159204094e-06
6.079619517053578193e+02 8.916049913638535745e-06 1.817743100538675730e-06 -7.681168250607439576e-06
8.471470447867471876e+02 4.632897547671808759e-06 1.371759667924816042e-06 -4.795592885643323012e-06
