# theta (arcmin), gt, err(jk),  cross term
2.951081533465453322e-01 2.613402947772840049e-04 2.361142709588214678e-03 4.312112952020482194e-04
4.112099438110229377e-01 1.533331556784131306e-04 1.875529996667538776e-03 4.644311022198337928e-04
5.729886347480820374e-01 1.616064521801015329e-03 1.279509576302546555e-03 -9.953514781266758430e-04
7.984144850868514220e-01 9.739742353141409850e-05 9.608842568469892721e-04 6.985261948493407501e-04
1.112527633775437286e+00 1.103193625521601672e-03 8.493903527282369156e-04 -3.275056791250380685e-04
1.550219540141903884e+00 6.245902162968882320e-05 4.741837311467672991e-04 4.422522329230793906e-04
2.160108701733924885e+00 1.388435681958918790e-04 3.846082254258098424e-04 -3.181539444306753762e-04
3.009941161546383803e+00 2.130137136061105517e-04 2.230079018076084078e-04 -7.207975222860937045e-05
4.194115689038664385e+00 -1.019718481217023203e-04 1.778429161189245319e-04 -1.150949964241212796e-06
5.844169526557435823e+00 1.713276502674120007e-04 1.361086169630172605e-04 1.001358387426177067e-04
8.143389450225468451e+00 9.947979115585629632e-05 9.350781356079099866e-05 7.218183991560382933e-05
1.134717113127735288e+01 2.864378619362356986e-05 7.101264467084756542e-05 -7.422092258678990046e-05
1.581138830084189273e+01 1.049876825427665308e-04 5.144179701964375569e-05 8.713535671369616376e-06
2.203192294429222997e+01 1.078348945412110953e-04 3.750096338554624077e-05 7.373018299588840324e-06
3.069974751030460780e+01 9.295843551342361012e-05 3.133378039290755576e-05 -2.282870102186070052e-05
4.277767762621098058e+01 1.210132382774101607e-04 2.374838534240292839e-05 -1.347895567598014531e-05
5.960732095525546015e+01 7.193014687712534125e-05 2.153773196311861644e-05 -1.853500498481438816e-05
8.305810199677138428e+01 4.352974107824822924e-05 1.772966660051366176e-05 -3.861821207144805766e-06
1.157349163953297619e+02 2.790961802359821303e-05 1.607422204065749291e-05 -1.772541062618427705e-06
1.612674808479808632e+02 2.577885551185093595e-05 1.359986918503388167e-05 -8.534080254803912941e-07
2.247135193861282971e+02 2.498781465403021522e-05 1.205886214479424646e-05 -9.883786619669668465e-06
3.131205716699954564e+02 2.204375866279388834e-05 1.210959688561986601e-05 -5.258954305695153703e-07
4.363088285510480091e+02 1.395133473850951166e-05 1.240432521081076188e-05 5.082964213632622615e-07
6.079619517053578193e+02 7.518932327370893890e-06 1.188682009046134082e-05 -2.660516745520082731e-06
8.471470447867471876e+02 -1.630520070830313424e-05 1.046578538283581859e-05 -2.200703457107900244e-06
