# theta (arcmin), gt, err(shape_noise),  cross term
2.951081533465453322e-01 -2.714039890182501184e-03 3.282611732175692420e-03 -9.667326311516379923e-05
4.112099438110229377e-01 1.892962473212817442e-03 2.340287835261424185e-03 3.589387441504710593e-04
5.729886347480820374e-01 3.348279404475105331e-03 1.713338540697211844e-03 -2.946336435068048782e-03
7.984144850868514220e-01 -7.868983525364991929e-04 1.233092445113875965e-03 -7.139959149216297334e-05
1.112527633775437286e+00 9.505974565365138537e-04 8.821593755318075632e-04 2.056370335858440361e-04
1.550219540141903884e+00 -5.814085416638562929e-04 6.342065917750234127e-04 4.851638213562939491e-04
2.160108701733924885e+00 -3.391129099832676953e-04 4.534887441496317185e-04 -1.005365162062980990e-04
3.009941161546383803e+00 2.542837334160120630e-04 3.253154569291472542e-04 2.429110219520402077e-04
4.194115689038664385e+00 -3.009314415853029333e-04 2.333948199678164597e-04 2.207737644626537243e-04
5.844169526557435823e+00 3.402656418214371117e-04 1.671004009895654143e-04 2.668281508890473375e-04
8.143389450225468451e+00 2.751376150499631134e-04 1.197354912445132527e-04 1.079846746311109457e-05
1.134717113127735288e+01 2.774754749588078068e-04 8.576220143172771232e-05 -8.845474568834127893e-05
1.581138830084189273e+01 3.950785196916928787e-04 6.141666525236947737e-05 7.395679573220072050e-05
2.203192294429222997e+01 2.113481876511259306e-04 4.402871795900997846e-05 -1.831391707642781412e-05
3.069974751030460780e+01 2.891461417064883940e-04 3.155836441061817519e-05 -1.963765605379986991e-05
4.277767762621098058e+01 2.452652357470589631e-04 2.265669533897080403e-05 -2.060733234795288047e-05
5.960732095525546015e+01 1.719052726614960034e-04 1.628375226502536081e-05 -2.228305930749218547e-05
8.305810199677138428e+01 8.729007862111162785e-05 1.173338419368163019e-05 -6.461804857429587002e-06
1.157349163953297619e+02 5.998891659624086537e-05 8.467761016544058251e-06 -4.852155110009999968e-07
1.612674808479808632e+02 2.731182690692340054e-05 6.125487173585056671e-06 -6.954969152848825502e-06
2.247135193861282971e+02 3.479568597401207843e-05 4.449799547756756487e-06 -9.684681778603656209e-06
3.131205716699954564e+02 2.881945409247956366e-05 3.254694409484456989e-06 -3.101070173714441751e-06
4.363088285510480091e+02 1.337959026189416346e-05 2.403420360576707775e-06 7.097811998842562039e-06
6.079619517053578193e+02 9.435784761199073525e-06 1.792845768694172529e-06 -2.212213795486547514e-06
8.471470447867471876e+02 -4.185699526099965242e-05 1.348890885969295997e-06 -1.030803468880458375e-07
