# theta (arcmin), gt, err(shape_noise),  cross term
2.951081533465453322e-01 2.613402947772840049e-04 1.862417322135090630e-03 4.312112952020482194e-04
4.112099438110229377e-01 1.533331556784131306e-04 1.339879378617352080e-03 4.644311022198337928e-04
5.729886347480820374e-01 1.616064521801015329e-03 9.675085932720942734e-04 -9.953514781266758430e-04
7.984144850868514220e-01 9.739742353141409850e-05 6.945814858761531095e-04 6.985261948493407501e-04
1.112527633775437286e+00 1.103193625521601672e-03 4.972868110191272853e-04 -3.275056791250380685e-04
1.550219540141903884e+00 6.245902162968882320e-05 3.572524117952148581e-04 4.422522329230793906e-04
2.160108701733924885e+00 1.388435681958918790e-04 2.559862010657306189e-04 -3.181539444306753762e-04
3.009941161546383803e+00 2.130137136061105517e-04 1.838147041602412098e-04 -7.207975222860937045e-05
4.194115689038664385e+00 -1.019718481217023203e-04 1.320165933019209570e-04 -1.150949964241212796e-06
5.844169526557435823e+00 1.713276502674120007e-04 9.467984049862370887e-05 1.001358387426177067e-04
8.143389450225468451e+00 9.947979115585629632e-05 6.796106037026593760e-05 7.218183991560382933e-05
1.134717113127735288e+01 2.864378619362356986e-05 4.874039349162037486e-05 -7.422092258678990046e-05
1.581138830084189273e+01 1.049876825427665308e-04 3.494977327861448788e-05 8.713535671369616376e-06
2.203192294429222997e+01 1.078348945412110953e-04 2.508944632639378857e-05 7.373018299588840324e-06
3.069974751030460780e+01 9.295843551342361012e-05 1.800576833244468927e-05 -2.282870102186070052e-05
4.277767762621098058e+01 1.210132382774101607e-04 1.294084496133488865e-05 -1.347895567598014531e-05
5.960732095525546015e+01 7.193014687712534125e-05 9.312332590574875788e-06 -1.853500498481438816e-05
8.305810199677138428e+01 4.352974107824822924e-05 6.713691632431937587e-06 -3.861821207144805766e-06
1.157349163953297619e+02 2.790961802359821303e-05 4.849222109431337693e-06 -1.772541062618427705e-06
1.612674808479808632e+02 2.577885551185093595e-05 3.515130449326462425e-06 -8.534080254803912941e-07
2.247135193861282971e+02 2.498781465403021522e-05 2.559825790546436407e-06 -9.883786619669668465e-06
3.131205716699954564e+02 2.204375866279388834e-05 1.875170883953956883e-06 -5.258954305695153703e-07
4.363088285510480091e+02 1.395133473850951166e-05 1.383790192228303742e-06 5.082964213632622615e-07
6.079619517053578193e+02 7.518932327370893890e-06 1.031278685323069009e-06 -2.660516745520082731e-06
8.471470447867471876e+02 -1.630520070830313424e-05 7.770698314049325493e-07 -2.200703457107900244e-06
