# theta (arcmin), gt, err(jk),  cross term
2.951081533465453322e-01 -2.714039890182501184e-03 4.754949748538035009e-03 -9.667326311516379923e-05
4.112099438110229377e-01 1.892962473212817442e-03 3.483450595037972369e-03 3.589387441504710593e-04
5.729886347480820374e-01 3.348279404475105331e-03 2.430427282549739009e-03 -2.946336435068048782e-03
7.984144850868514220e-01 -7.868983525364991929e-04 1.948939836482901184e-03 -7.139959149216297334e-05
1.112527633775437286e+00 9.505974565365138537e-04 1.255552089272974703e-03 2.056370335858440361e-04
1.550219540141903884e+00 -5.814085416638562929e-04 7.662425830467007497e-04 4.851638213562939491e-04
2.160108701733924885e+00 -3.391129099832676953e-04 6.546892339102830354e-04 -1.005365162062980990e-04
3.009941161546383803e+00 2.542837334160120630e-04 5.392958702279671262e-04 2.429110219520402077e-04
4.194115689038664385e+00 -3.009314415853029333e-04 3.345083297038810755e-04 2.207737644626537243e-04
5.844169526557435823e+00 3.402656418214371117e-04 2.612805833686026300e-04 2.668281508890473375e-04
8.143389450225468451e+00 2.751376150499631134e-04 1.666763597838166592e-04 1.079846746311109457e-05
1.134717113127735288e+01 2.774754749588078068e-04 1.539391007110362626e-04 -8.845474568834127893e-05
1.581138830084189273e+01 3.950785196916928787e-04 9.834152607227813255e-05 7.395679573220072050e-05
2.203192294429222997e+01 2.113481876511259306e-04 7.482497566058663764e-05 -1.831391707642781412e-05
3.069974751030460780e+01 2.891461417064883940e-04 6.270723560879269698e-05 -1.963765605379986991e-05
4.277767762621098058e+01 2.452652357470589631e-04 5.208625418277858731e-05 -2.060733234795288047e-05
5.960732095525546015e+01 1.719052726614960034e-04 4.049663712730727902e-05 -2.228305930749218547e-05
8.305810199677138428e+01 8.729007862111162785e-05 3.448194235385276476e-05 -6.461804857429587002e-06
1.157349163953297619e+02 5.998891659624086537e-05 3.712510548048924630e-05 -4.852155110009999968e-07
1.612674808479808632e+02 2.731182690692340054e-05 2.652453529338012289e-05 -6.954969152848825502e-06
2.247135193861282971e+02 3.479568597401207843e-05 3.324835843972662099e-05 -9.684681778603656209e-06
3.131205716699954564e+02 2.881945409247956366e-05 3.235307623493213801e-05 -3.101070173714441751e-06
4.363088285510480091e+02 1.337959026189416346e-05 2.967678265386110455e-05 7.097811998842562039e-06
6.079619517053578193e+02 9.435784761199073525e-06 2.622872072036922580e-05 -2.212213795486547514e-06
8.471470447867471876e+02 -4.185699526099965242e-05 2.387416956453732993e-05 -1.030803468880458375e-07
