# bin_3_3
4.260131227659903175e+01
4.043838815055991631e+01
3.837355183703891726e+01
3.653695571688108856e+01
3.421442321920765295e+01
3.183290126554159372e+01
2.923094123094696428e+01
2.645323161395396383e+01
2.351272707655547123e+01
2.044481319975980682e+01
1.730514278822739271e+01
1.417763884089343840e+01
1.117418390418679586e+01
8.427143387148376519e+00
6.069066906575187659e+00
4.199410245066233394e+00
2.847623833795939419e+00
1.953802223994332232e+00
1.389615289088342642e+00
1.017809335528787829e+00
7.457792848507449612e-01
5.306420563265260570e-01
