# bin_6_6
3.698883066429288391e+01
3.451007541099971831e+01
3.214323028815307737e+01
3.004333685494573203e+01
2.740570964302773405e+01
2.473489968358471458e+01
2.187125714089122042e+01
1.889712782456323126e+01
1.586925173094436303e+01
1.287895321374743141e+01
1.004162998334191315e+01
7.489025239283845004e+00
5.344492943254934403e+00
3.687825067335416485e+00
2.521923122755669322e+00
1.764440494197436760e+00
1.282182779012280394e+00
9.529813288763412382e-01
7.039848584109578145e-01
5.044776685473564282e-01
3.451992637664217933e-01
2.242970368127957248e-01
