# bin_12_12
3.029178967335711903e+01
2.759372834693829546e+01
2.502784801300759909e+01
2.278163528395216630e+01
2.000303014575456473e+01
1.727007380331372488e+01
1.444948706114882420e+01
1.167896142031520945e+01
9.066604409819834842e+00
6.739875864176442022e+00
4.809967426739003571e+00
3.340651085978010748e+00
2.318894530217801009e+00
1.654891083214046432e+00
1.222749646344703622e+00
9.175795216846496238e-01
6.807032249376033795e-01
4.878813774953773552e-01
3.324755382860452579e-01
2.144424437450450638e-01
1.321581073060804912e-01
7.909515341160909541e-02
