# bin_11_11
3.133596757255161336e+01
2.865564855248979370e+01
2.610416129905807026e+01
2.386464831435571909e+01
2.108753442810414924e+01
1.834231950341460760e+01
1.549064573345868467e+01
1.266336370006863099e+01
9.963694851804165253e+00
7.518906255469126165e+00
5.448063305113031163e+00
3.831980395331906486e+00
2.679608530537867406e+00
1.917654452206523530e+00
1.420735711930154688e+00
1.070093923751608722e+00
7.944779404632686948e-01
5.699443871040997811e-01
3.954156187222541696e-01
2.594223555094096190e-01
1.635418082293932374e-01
1.002332276213455942e-01
