# bin_2_2
2.509412669324647993e+01
2.374430357927497326e+01
2.245561298952178575e+01
2.130940120298673435e+01
1.986130677116832643e+01
1.837899316991408938e+01
1.676440450882112998e+01
1.504862397213877578e+01
1.324408113166130185e+01
1.137844909233740864e+01
9.493612116440928617e+00
7.648866270005051149e+00
5.918769050417762578e+00
4.384781066161052010e+00
3.118722969367856646e+00
2.160495190774401220e+00
1.499608788116257641e+00
1.075109054709974865e+00
8.019971825239797791e-01
6.092718444555889068e-01
4.575003430752039857e-01
3.308653727551457702e-01
