# bin_4_4
4.044216311191409829e+01
3.813826093688704333e+01
3.593839401837237091e+01
3.398232387320224035e+01
3.151356374781157044e+01
2.899135464397199868e+01
2.625255431448275800e+01
2.335551033646098773e+01
2.032809711994418933e+01
1.722682941920413668e+01
1.413341604450778277e+01
1.115814637194001868e+01
8.432084407322964381e+00
6.087231443974708611e+00
4.223685921673872024e+00
2.872815875893095505e+00
1.977355188557591070e+00
1.411244980215744960e+00
1.038231404154059234e+00
7.655929035454562825e-01
5.500460783535455755e-01
3.768558518620641618e-01
