# bin_14_14
2.838384415476376077e+01
2.565364084799017164e+01
2.306290241115788220e+01
2.080739976585796924e+01
1.803043503398323111e+01
1.532661435958534391e+01
1.257154114417178370e+01
9.914422280410766675e+00
7.469594816350488387e+00
5.360501567582342197e+00
3.679028611546541150e+00
2.455418392220892088e+00
1.640607891420680309e+00
1.126446104806683390e+00
7.992370139214869385e-01
5.833115246482147853e-01
4.367633354246275301e-01
3.213254524160591985e-01
2.079218554639983008e-01
1.297885629493826520e-01
7.610729781138443617e-02
4.371631382379446984e-02
