# bin_7_7
3.567116931366809496e+01
3.313198250071418727e+01
3.070818047155807662e+01
2.856136281443957259e+01
2.587178756234738941e+01
2.316124388306194248e+01
2.027309029461787659e+01
1.730109414665070133e+01
1.431448130526315943e+01
1.141719937069444057e+01
8.733265438247158841e+00
6.392867854865892596e+00
4.501427183629668427e+00
3.103130628917944112e+00
2.157018307731704887e+00
1.549188605427015863e+00
1.146315827479088556e+00
8.536255852651808418e-01
6.258217848871399092e-01
4.412509234099378230e-01
2.971062083302831724e-01
1.912004695063918569e-01
