# bin_8_8
1.673808684773488409e+01
1.508358464425939616e+01
1.351642728369483670e+01
1.215791351434689460e+01
1.049116528999265441e+01
8.880821827914033406e+00
7.255533022968996271e+00
5.709079553554054165e+00
4.311200909346358578e+00
3.131974387238015467e+00
2.215844085232917759e+00
1.565196488540770092e+00
1.135607268228959299e+00
8.552083563932830756e-01
6.580527240991603799e-01
5.036650304273569967e-01
3.737972329175614505e-01
2.637831429391454541e-01
1.748727649922995342e-01
1.071722981754617832e-01
6.042514355799023795e-02
3.111078769023311805e-02
