# bin_5_5
1.982297673803724436e+01
1.822823176002911438e+01
1.670823623505907207e+01
1.536912667845825631e+01
1.370227821072496255e+01
1.204240337727703647e+01
1.030137214843102456e+01
8.550903736672074373e+00
6.847263806195554636e+00
5.264832871014449189e+00
3.880319978031342210e+00
2.757127805036913237e+00
1.923338249213892404e+00
1.357149575527872631e+00
9.931465626729828466e-01
7.525582610364776048e-01
5.764110728758935487e-01
4.342201670811509095e-01
3.143997652835509027e-01
2.149636991436526257e-01
1.368668015648665803e-01
8.022650916049448022e-02
