# bin_13_13
2.930729599351177583e+01
2.659257408403801648e+01
2.401359545672236706e+01
2.176206044343246759e+01
1.898350475384327396e+01
1.626436524169645281e+01
1.347600787259234245e+01
1.076223576250050229e+01
8.234825330912572738e+00
6.019889389811821090e+00
4.219441888652303518e+00
2.880274474993932188e+00
1.970004901027541111e+00
1.387469374472844796e+00
1.011230567548853543e+00
7.511751229604881619e-01
5.582289982031203301e-01
4.027797406859263685e-01
2.682560090509888973e-01
1.700237968403082445e-01
1.021465742819248762e-01
5.977011442387974993e-02
