# bin_10_10
1.502928239225639651e+01
1.337022191186909659e+01
1.180707566410567289e+01
1.046848931423738804e+01
8.841567695453576903e+00
7.302727943731563975e+00
5.788892423523241071e+00
4.399324274690265213e+00
3.200156457187901982e+00
2.244710005541759923e+00
1.547978512165907761e+00
1.079784746542382212e+00
7.769822001478002838e-01
5.742944962552137822e-01
4.286353810302677148e-01
3.196356187535558946e-01
2.375707006276647770e-01
1.698918064168006559e-01
1.056365729662033792e-01
6.174384761077182648e-02
3.239630140961612809e-02
1.553216895510514672e-02
