# boost factor
1.024092856177879485e+00
1.009996962357608830e+00
1.010206782711163376e+00
1.013694791911742721e+00
1.016442858383856951e+00
1.014414655100602580e+00
1.016930283985545858e+00
1.014002777926511056e+00
1.011384945260801027e+00
1.011707602882068402e+00
1.009346161569022904e+00
1.010345776271039941e+00
1.011101705139981766e+00
1.009633307216154074e+00
1.009745337407984778e+00
1.008127473176932298e+00
1.006322450120205048e+00
1.005255886119474695e+00
1.004436109954125245e+00
1.001071238368040461e+00
9.970931756578236271e-01
9.921749775263496440e-01
