# boost factor
9.948640155316764710e-01
1.008638909282754570e+00
9.679365524149731170e-01
9.630685919638998227e-01
9.697584873340209244e-01
9.671219575986890193e-01
9.726912580234490235e-01
9.739246522634409375e-01
9.756257855912422450e-01
9.803177097815904961e-01
9.831742113733554778e-01
9.870444260175715856e-01
9.921781116345937956e-01
9.947132058616167116e-01
9.988164081796274685e-01
1.000449689096747807e+00
1.001921906670948825e+00
1.002514694665596506e+00
1.004677618539002948e+00
1.008022704173019202e+00
1.011325046361733149e+00
1.009815252386005779e+00
