# boost factor
1.015571131495942359e+00
1.008595062840374812e+00
9.956046462372450945e-01
9.965925635977374020e-01
1.000161334499818144e+00
9.984968737552262219e-01
1.002016608497276806e+00
1.000154155752250640e+00
9.990828616904064985e-01
1.000704915255235639e+00
1.000084899488068002e+00
1.001862206421688439e+00
1.004133416132443557e+00
1.003945182865215724e+00
1.005442352311321619e+00
1.004878314081744106e+00
1.004169625043214831e+00
1.003631416780770502e+00
1.003744940785166406e+00
1.002561913128196647e+00
1.000925584966243065e+00
9.971431238125874064e-01
