# Jackknife Covariance with Weights
2.054300144905967277e-05 -5.322968100835041516e-07 4.894807538349712955e-07 4.628453597837981310e-08 2.773693433053893123e-07 -6.401664143334954625e-07 3.212123956681166211e-07 -1.888874522579148763e-07 -1.453754169003862722e-07 5.158466460361355238e-08 2.316040974087079902e-08 5.586274056094394148e-08 6.645044444397192221e-10 -2.502952067889885671e-09 3.684212839244770322e-08 2.793722639166653086e-09 -4.335273375022922005e-11 -1.416417525969287008e-08 -1.392763949786060482e-08 -5.822065071869200396e-09 -1.391155570578849884e-08 1.000806236720943991e-08
-5.322968100835041516e-07 9.150537030642749524e-06 8.041418126637316374e-07 -7.382705279517514306e-07 -4.783412902958885152e-07 -5.442055259116280705e-08 -4.129703646051225825e-07 -1.178321854257831755e-07 1.352508532021161372e-07 2.295262918251228156e-08 -1.665739098704977987e-08 2.972272252615323421e-08 -7.479101790494986392e-08 -5.425914315279988873e-09 -1.720698999142666333e-08 3.057066070865944095e-09 2.049068884473312488e-08 2.193469489977456142e-08 1.631120450865422524e-08 3.633148005004684030e-09 1.459654467075618127e-08 5.025944108014924546e-09
4.894807538349712955e-07 8.041418126637316374e-07 5.205484179202384826e-06 -9.347805538720856450e-08 1.508398561001292998e-07 1.043201609335260839e-07 -4.733389057135940506e-07 -8.750521974215370034e-08 1.631218603203966360e-08 9.070630835037679062e-08 -3.175001009033724467e-09 -6.851620859177631581e-08 -4.236275082545152046e-08 -2.957555359274520210e-08 -2.117665936694430325e-08 -7.347897965380603339e-09 -2.773605426983474563e-09 -1.471414438932504557e-08 -2.193217202383458667e-08 -1.692857749687972078e-08 -8.670133545220945417e-09 6.993202210504245089e-09
4.628453597837981310e-08 -7.382705279517514306e-07 -9.347805538720856450e-08 3.302549146379721391e-06 -2.326585492408710744e-07 2.076846455559484065e-08 1.328736381090773424e-07 1.252378224862168855e-07 2.916455534619822477e-08 -4.928260539118639083e-09 5.960927112919063472e-08 2.916605889870030916e-08 -7.767806729768888624e-09 -1.231556662342651766e-08 -8.683905838380126549e-09 -2.821609400935557769e-09 -1.399446815151694067e-08 -1.144155028571861562e-08 -1.037342031225360175e-08 3.523458660299542342e-09 8.806263894816779730e-09 5.567335236899069270e-09
2.773693433053893123e-07 -4.783412902958885152e-07 1.508398561001292998e-07 -2.326585492408710744e-07 1.203178052374924502e-06 3.758689120763135929e-08 -1.852371812267137494e-08 1.572383595716396862e-08 -4.223358900987096880e-08 -2.133374223965483164e-08 -4.915613400982287725e-09 2.260158097234239776e-10 6.489687664420166236e-09 -7.605833105565024809e-09 -1.706562294138098002e-08 -1.591200399877630715e-08 -6.773201305770225155e-09 -4.301076648793607086e-09 -7.480917813148338143e-09 -1.681224877935964275e-09 -9.405318124618054074e-09 -2.282113659869170488e-09
-6.401664143334954625e-07 -5.442055259116280705e-08 1.043201609335260839e-07 2.076846455559484065e-08 3.758689120763135929e-08 3.954407599688996005e-07 -7.530422764877341139e-08 5.129325966998405064e-08 -4.654903310676080134e-09 2.305380158927885463e-08 4.099612125448291698e-09 1.525612910727344260e-09 7.215035806110698176e-10 -2.391702011589969332e-09 -6.013672539677321930e-09 -4.374938783232837867e-09 -4.046803997646409104e-09 2.157769530009903688e-09 2.223248527803058355e-09 -1.628670104341684250e-09 2.442852228495107524e-10 -3.424261361069377215e-10
3.212123956681166211e-07 -4.129703646051225825e-07 -4.733389057135940506e-07 1.328736381090773424e-07 -1.852371812267137494e-08 -7.530422764877341139e-08 3.873756346039649414e-07 -1.856973493523826803e-08 4.405902753173242987e-09 -2.817548773191569848e-09 -6.955920817157012120e-09 -3.388461603211151735e-09 5.426275295694397684e-09 -2.021192913036760420e-09 2.910801091852323759e-09 2.908882219945518942e-09 -7.109843332110058616e-10 -1.399902234429128563e-09 -2.254584143488806825e-09 2.917601452877222839e-09 8.796278821594154329e-10 -1.317487492692173199e-09
-1.888874522579148763e-07 -1.178321854257831755e-07 -8.750521974215370034e-08 1.252378224862168855e-07 1.572383595716396862e-08 5.129325966998405064e-08 -1.856973493523826803e-08 2.046215206818551136e-07 -1.075798445266191051e-08 -1.201782607023707340e-08 2.531436606413606597e-08 2.036228191805464903e-08 -2.745592557767940443e-09 3.156414303290425615e-09 4.540862016675412200e-10 -2.753931627414431354e-09 -1.389096453148119540e-09 1.822724301713970356e-09 3.107341961693277373e-10 3.452210649593735530e-10 1.439261967697142346e-09 1.556969255967639542e-09
-1.453754169003862722e-07 1.352508532021161372e-07 1.631218603203966360e-08 2.916455534619822477e-08 -4.223358900987096880e-08 -4.654903310676080134e-09 4.405902753173242987e-09 -1.075798445266191051e-08 9.358207380127638354e-08 1.524573525776629171e-08 8.272026342558782985e-09 -3.305995362235062662e-09 -3.627277084472687715e-09 -3.879979601496019782e-09 -1.068935823227940429e-09 2.375775869376547196e-09 1.831920321872597316e-09 -3.808749957526756342e-11 5.378883751042029295e-10 1.831207491219282021e-10 1.344522861790464021e-09 1.042029209669138472e-09
5.158466460361355238e-08 2.295262918251228156e-08 9.070630835037679062e-08 -4.928260539118639083e-09 -2.133374223965483164e-08 2.305380158927885463e-08 -2.817548773191569848e-09 -1.201782607023707340e-08 1.524573525776629171e-08 4.563774186372980788e-08 -6.577957448667248161e-09 -3.225226301056178634e-09 -4.077100645811133094e-09 -2.811247665101615029e-09 -2.792626897370958569e-09 5.149144480683231712e-10 1.200275174306543709e-09 1.611985858563736004e-09 2.388363387964559889e-10 -6.484247149813920903e-10 -9.819997981238384193e-10 -1.737216729293699670e-10
2.316040974087079902e-08 -1.665739098704977987e-08 -3.175001009033724467e-09 5.960927112919063472e-08 -4.915613400982287725e-09 4.099612125448291698e-09 -6.955920817157012120e-09 2.531436606413606597e-08 8.272026342558782985e-09 -6.577957448667248161e-09 2.925037495008119947e-08 7.851478649363788762e-09 8.404675840019548813e-10 1.698910346282311376e-09 -3.367544378434096855e-10 9.938349829871281991e-10 8.098786601796154727e-10 9.733790214496969730e-11 1.762437686494219878e-10 5.902045376046698711e-10 8.932376440966840944e-10 9.394258680774775098e-10
5.586274056094394148e-08 2.972272252615323421e-08 -6.851620859177631581e-08 2.916605889870030916e-08 2.260158097234239776e-10 1.525612910727344260e-09 -3.388461603211151735e-09 2.036228191805464903e-08 -3.305995362235062662e-09 -3.225226301056178634e-09 7.851478649363788762e-09 1.987180102234335632e-08 2.008128274281377786e-09 2.886824589877579482e-09 8.011955856572644416e-10 9.190468670795731751e-11 1.079008504278050450e-09 6.552045563639163945e-10 1.528976611206369741e-09 2.964164373520438041e-10 2.541712609105260806e-10 -3.713898718445086824e-10
6.645044444397192221e-10 -7.479101790494986392e-08 -4.236275082545152046e-08 -7.767806729768888624e-09 6.489687664420166236e-09 7.215035806110698176e-10 5.426275295694397684e-09 -2.745592557767940443e-09 -3.627277084472687715e-09 -4.077100645811133094e-09 8.404675840019548813e-10 2.008128274281377786e-09 7.821575353461805414e-09 1.683529406235340078e-09 7.695131916441609575e-10 4.842244052894349288e-10 -2.972748683842132360e-10 -9.527727822554599201e-11 1.376478689073638770e-10 5.526612666856768172e-10 1.665460497659927409e-10 -3.771602401068870921e-10
-2.502952067889885671e-09 -5.425914315279988873e-09 -2.957555359274520210e-08 -1.231556662342651766e-08 -7.605833105565024809e-09 -2.391702011589969332e-09 -2.021192913036760420e-09 3.156414303290425615e-09 -3.879979601496019782e-09 -2.811247665101615029e-09 1.698910346282311376e-09 2.886824589877579482e-09 1.683529406235340078e-09 6.281327395171326825e-09 1.437008920065546547e-09 5.223963876008445473e-10 3.723321514519106400e-10 2.692764685977140185e-10 7.888838062538534651e-10 6.181552980715040005e-10 3.792920401173414420e-10 -4.673761016783985283e-11
3.684212839244770322e-08 -1.720698999142666333e-08 -2.117665936694430325e-08 -8.683905838380126549e-09 -1.706562294138098002e-08 -6.013672539677321930e-09 2.910801091852323759e-09 4.540862016675412200e-10 -1.068935823227940429e-09 -2.792626897370958569e-09 -3.367544378434096855e-10 8.011955856572644416e-10 7.695131916441609575e-10 1.437008920065546547e-09 3.721195101622053227e-09 1.412791038845252473e-09 1.442268821541047759e-09 5.097772955700859686e-10 6.828084656961001230e-10 2.457135365576864062e-10 4.924697403008076792e-10 3.537087490681101235e-11
2.793722639166653086e-09 3.057066070865944095e-09 -7.347897965380603339e-09 -2.821609400935557769e-09 -1.591200399877630715e-08 -4.374938783232837867e-09 2.908882219945518942e-09 -2.753931627414431354e-09 2.375775869376547196e-09 5.149144480683231712e-10 9.938349829871281991e-10 9.190468670795731751e-11 4.842244052894349288e-10 5.223963876008445473e-10 1.412791038845252473e-09 1.992961405122754084e-09 1.114044507157470589e-09 3.975739795701187854e-10 4.177491152600451811e-10 1.663869982376817079e-10 2.985822162014060239e-10 2.375094048036767803e-11
-4.335273375022922005e-11 2.049068884473312488e-08 -2.773605426983474563e-09 -1.399446815151694067e-08 -6.773201305770225155e-09 -4.046803997646409104e-09 -7.109843332110058616e-10 -1.389096453148119540e-09 1.831920321872597316e-09 1.200275174306543709e-09 8.098786601796154727e-10 1.079008504278050450e-09 -2.972748683842132360e-10 3.723321514519106400e-10 1.442268821541047759e-09 1.114044507157470589e-09 2.350101848830370906e-09 1.031444701029419610e-09 8.069926739808715540e-10 2.682844794881457853e-10 3.540919950923305302e-10 -1.138876335091947340e-11
-1.416417525969287008e-08 2.193469489977456142e-08 -1.471414438932504557e-08 -1.144155028571861562e-08 -4.301076648793607086e-09 2.157769530009903688e-09 -1.399902234429128563e-09 1.822724301713970356e-09 -3.808749957526756342e-11 1.611985858563736004e-09 9.733790214496969730e-11 6.552045563639163945e-10 -9.527727822554599201e-11 2.692764685977140185e-10 5.097772955700859686e-10 3.975739795701187854e-10 1.031444701029419610e-09 1.636307428557083340e-09 9.900947821274893387e-10 4.345781997011511297e-10 4.532394122049053298e-10 1.087424792688775723e-10
-1.392763949786060482e-08 1.631120450865422524e-08 -2.193217202383458667e-08 -1.037342031225360175e-08 -7.480917813148338143e-09 2.223248527803058355e-09 -2.254584143488806825e-09 3.107341961693277373e-10 5.378883751042029295e-10 2.388363387964559889e-10 1.762437686494219878e-10 1.528976611206369741e-09 1.376478689073638770e-10 7.888838062538534651e-10 6.828084656961001230e-10 4.177491152600451811e-10 8.069926739808715540e-10 9.900947821274893387e-10 1.301133714175010939e-09 4.379999944790468880e-10 4.716883389342686671e-10 -4.671012777984598565e-11
-5.822065071869200396e-09 3.633148005004684030e-09 -1.692857749687972078e-08 3.523458660299542342e-09 -1.681224877935964275e-09 -1.628670104341684250e-09 2.917601452877222839e-09 3.452210649593735530e-10 1.831207491219282021e-10 -6.484247149813920903e-10 5.902045376046698711e-10 2.964164373520438041e-10 5.526612666856768172e-10 6.181552980715040005e-10 2.457135365576864062e-10 1.663869982376817079e-10 2.682844794881457853e-10 4.345781997011511297e-10 4.379999944790468880e-10 7.636034541591361812e-10 6.515428416324616614e-10 1.483206711558880972e-10
-1.391155570578849884e-08 1.459654467075618127e-08 -8.670133545220945417e-09 8.806263894816779730e-09 -9.405318124618054074e-09 2.442852228495107524e-10 8.796278821594154329e-10 1.439261967697142346e-09 1.344522861790464021e-09 -9.819997981238384193e-10 8.932376440966840944e-10 2.541712609105260806e-10 1.665460497659927409e-10 3.792920401173414420e-10 4.924697403008076792e-10 2.985822162014060239e-10 3.540919950923305302e-10 4.532394122049053298e-10 4.716883389342686671e-10 6.515428416324616614e-10 1.139075732437372423e-09 4.938593750076044740e-10
1.000806236720943991e-08 5.025944108014924546e-09 6.993202210504245089e-09 5.567335236899069270e-09 -2.282113659869170488e-09 -3.424261361069377215e-10 -1.317487492692173199e-09 1.556969255967639542e-09 1.042029209669138472e-09 -1.737216729293699670e-10 9.394258680774775098e-10 -3.713898718445086824e-10 -3.771602401068870921e-10 -4.673761016783985283e-11 3.537087490681101235e-11 2.375094048036767803e-11 -1.138876335091947340e-11 1.087424792688775723e-10 -4.671012777984598565e-11 1.483206711558880972e-10 4.938593750076044740e-10 8.116512003954631128e-10
