# theta (arcmin), gt, err(shape_noise),  cross term
2.956384504865046114e-01 2.305589097173197689e-03 3.223816062618403526e-03 3.671103120967567340e-03
4.134307114215157175e-01 1.399308376209680528e-04 2.324053844680905485e-03 -1.257591118084383161e-03
5.781553545055636567e-01 -3.306938371879669138e-05 1.655760633745798288e-03 -1.370083393797520439e-03
8.085118127633570406e-01 2.427552255140688446e-03 1.183580203691193301e-03 1.402151166547540217e-03
1.130649999664751215e+00 4.924722415574408086e-04 8.459524640976745372e-04 -1.124609388415312872e-03
1.581138830084189983e+00 1.079991544379627918e-04 6.038829290849962502e-04 9.503374584249179181e-04
2.211117499439504197e+00 5.108712182411675237e-04 4.309280075588723833e-04 -5.198062052277094367e-04
3.092100771484616040e+00 -4.337403076738390202e-05 3.092710666180662751e-04 -2.189646293004725037e-04
4.324097287204045514e+00 1.465384567952518371e-04 2.215030376846658907e-04 -2.980126418823635917e-05
6.046962479889673503e+00 2.353227506191488355e-04 1.582397872132557234e-04 4.792506333884526289e-05
8.456274871844255969e+00 6.400176745217677269e-05 1.133955927699385838e-04 3.295058804260213780e-04
1.182553801946018801e+01 -5.081967549134334391e-05 8.106430983513147740e-05 -5.270903477529200712e-05
1.653722845686063181e+01 9.845383866844153889e-05 5.794899454213598458e-05 5.678902040718017196e-05
2.312621418022254716e+01 2.081039432150045575e-05 4.149381525923181795e-05 5.611375027106614333e-05
3.234047251053430472e+01 2.053928701191869830e-05 2.968804055579117200e-05 -6.818119096257624031e-06
4.522599998659006815e+01 6.869941704581095847e-05 2.128983707293275065e-05 -2.090416248602690365e-05
6.324555320336758513e+01 5.454343155913778693e-06 1.528462259361340798e-05 -1.286574632716531408e-05
8.844469997758012880e+01 1.731950016177638701e-05 1.098723119249920658e-05 -5.635529698234398186e-06
1.236840308593845208e+02 1.086907261441172727e-05 7.918498031613139865e-06 2.587744952259425678e-06
1.729638914881619769e+02 2.522789913562753224e-05 5.733514036012301377e-06 -1.558942128401763766e-06
2.418784991955871533e+02 1.536144231677021021e-05 4.172127271433148692e-06 -4.781138297166085545e-06
3.382509948737704235e+02 1.813292407079787616e-05 3.053784893019259869e-06 3.626624631984020432e-07
