# theta (arcmin), gt, err(shape_noise),  cross term
2.956384504865046114e-01 1.929250346547133196e-03 2.243595248096572937e-03 5.960739998844455552e-04
4.134307114215157175e-01 -3.319444488191981477e-04 1.616397665507602688e-03 1.590429551305289210e-04
5.781553545055636567e-01 1.048794202352478118e-03 1.155819260765635417e-03 2.624823795477557718e-04
8.085118127633570406e-01 5.581779543047803594e-04 8.250107913955993799e-04 1.049407953523508663e-03
1.130649999664751215e+00 1.120065544802560003e-03 5.892407785184650701e-04 -4.684142439969479765e-04
1.581138830084189983e+00 4.335067270740601986e-04 4.217182126921401757e-04 2.607802985093677305e-04
2.211117499439504197e+00 5.549775751450890075e-04 3.011801597149956909e-04 -2.677774342887734760e-04
3.092100771484616040e+00 -2.042945977423204701e-05 2.157093821378711150e-04 -1.611449975030198819e-04
4.324097287204045514e+00 6.865074020064646486e-05 1.544368086273079457e-04 -1.338790822781028931e-04
6.046962479889673503e+00 8.965280120817062468e-05 1.104292535892866369e-04 4.743223385115234791e-06
8.456274871844255969e+00 2.676117754343249763e-05 7.906567827490853162e-05 1.478164386242667046e-04
1.182553801946018801e+01 -8.722454475216001081e-05 5.652038818619171517e-05 -9.947231368599335796e-05
1.653722845686063181e+01 4.895861649427908029e-07 4.040946677231832611e-05 5.225571535133201194e-06
2.312621418022254716e+01 3.095860969400196104e-05 2.892924603233157957e-05 1.970936115802147191e-05
3.234047251053430472e+01 1.392393059166269773e-05 2.070133132034899156e-05 -2.606230198039709444e-05
4.522599998659006815e+01 5.318992618407075067e-05 1.483617322060875176e-05 -1.155379133765697193e-05
6.324555320336758513e+01 1.898239773148518308e-05 1.064731138579909492e-05 -1.022342115905267064e-05
8.844469997758012880e+01 3.059899597371232435e-05 7.653279269439092702e-06 -6.740271422235489943e-06
1.236840308593845208e+02 1.269246408401755791e-05 5.514240507096864308e-06 3.172834846776167543e-07
1.729638914881619769e+02 2.264387388077021665e-05 3.991400218715006944e-06 -8.901433203803116274e-07
2.418784991955871533e+02 1.982270986452557734e-05 2.903737491861385482e-06 -6.330536797364765595e-06
3.382509948737704235e+02 1.796386212448053312e-05 2.124179157670729411e-06 -1.382616987553007487e-07
