# theta (arcmin), gt, err(shape_noise),  cross term
2.956384504865046114e-01 1.951200436960010703e-04 1.848109440416256756e-03 1.603625693946535179e-04
4.134307114215157175e-01 6.100945617783854651e-04 1.325163683512408644e-03 3.971718638294325005e-04
5.781553545055636567e-01 1.568889201521515798e-03 9.539894039716939091e-04 -8.542458716078052492e-04
8.085118127633570406e-01 2.399495154159164516e-04 6.818738363757688220e-04 6.974650218935817599e-04
1.130649999664751215e+00 9.413648061890039906e-04 4.866734096809881564e-04 -1.435407435979295398e-04
1.581138830084189983e+00 1.230509165297874582e-04 3.483444114498268434e-04 3.014535124582346220e-04
2.211117499439504197e+00 3.504555724942385437e-04 2.486577551584986143e-04 -2.516408498657030633e-04
3.092100771484616040e+00 -3.957317591006901801e-05 1.779716473234602906e-04 -4.287456537247134295e-05
4.324097287204045514e+00 4.568558623804774595e-07 1.273346877871356462e-04 -3.921001304456531161e-07
6.046962479889673503e+00 1.836803040179568356e-04 9.098357908080126127e-05 7.251962482963327948e-05
8.456274871844255969e+00 1.006646174922481675e-04 6.508725728339654140e-05 8.655591608534733748e-05
1.182553801946018801e+01 5.917192334864655176e-05 4.650545432165133393e-05 -7.627065740495755192e-05
1.653722845686063181e+01 1.039224172265388121e-04 3.322564446107331433e-05 1.951518199269262630e-05
2.312621418022254716e+01 1.036612532116400057e-04 2.377097059169876964e-05 1.195052292297649527e-05
3.234047251053430472e+01 1.013075540027021093e-04 1.699912181378422952e-05 -2.460221433911590982e-05
4.522599998659006815e+01 1.136864169418849165e-04 1.217652983651518368e-05 -1.326351834746494475e-05
6.324555320336758513e+01 5.709500471745432027e-05 8.734005203908980772e-06 -1.438436621942143980e-05
8.844469997758012880e+01 4.829787763426507521e-05 6.276285841115471914e-06 -7.287435312033706909e-06
1.236840308593845208e+02 2.384918385217394134e-05 4.519836279458749134e-06 1.998155561348220576e-06
1.729638914881619769e+02 2.498021628999823196e-05 3.267971841389308745e-06 -4.764762129568641009e-06
2.418784991955871533e+02 2.444387429074463216e-05 2.374617642981875444e-06 -6.866232405647115520e-06
3.382509948737704235e+02 2.105699356965312256e-05 1.736155959889722993e-06 -6.643866025732831658e-07
