# random theta, random gt, random error, random err(jk)
2.956384504865046114e-01 5.684042651229261777e-05 1.344125742689679230e-04 1.796661009420329549e-04
4.134307114215157175e-01 -2.056062607525210322e-05 9.604726090617029567e-05 1.176530905439743160e-04
5.781553545055636567e-01 4.960551688609865067e-05 6.869799278496865110e-05 1.021165887131578767e-04
8.085118127633570406e-01 2.431889578684703969e-05 4.912695966213655814e-05 6.526060379618195254e-05
1.130649999664751215e+00 2.001185135840300784e-05 3.512608020378892493e-05 4.463146251719253462e-05
1.581138830084189983e+00 2.132277708311498408e-06 2.512113410360558585e-05 3.770551986863170335e-05
2.211117499439504197e+00 -9.471681068320074082e-06 1.796372956412893170e-05 2.173560730903761085e-05
3.092100771484616040e+00 3.206512355328321144e-06 1.284521364498569500e-05 1.711818192382294802e-05
4.324097287204045514e+00 1.158108349066790856e-07 9.185536390643196642e-06 1.316885373908167964e-05
6.046962479889673503e+00 -1.316676427939972967e-06 6.568603889713489006e-06 8.268669207378671082e-06
8.456274871844255969e+00 5.122292006610762505e-06 4.697550372315658368e-06 6.860255330174005709e-06
1.182553801946018801e+01 -5.537261715017920300e-06 3.359424832135872820e-06 5.117279991563895305e-06
1.653722845686063181e+01 1.805107980961601856e-07 2.402847248956091797e-06 3.149826330292382972e-06
2.312621418022254716e+01 1.017819506290654961e-06 1.718933021181761201e-06 3.335833111790174844e-06
3.234047251053430472e+01 2.219072126843947379e-07 1.230161450015433381e-06 3.100091054987275478e-06
4.522599998659006815e+01 -3.916787440857027612e-08 8.809217116512822458e-07 3.732773842624464717e-06
6.324555320336758513e+01 8.549203003869324966e-07 6.316464013973804141e-07 4.942776277208109802e-06
8.844469997758012880e+01 1.888388559092558147e-06 4.537815957233363252e-07 6.437674888978304172e-06
1.236840308593845208e+02 4.879350825364144389e-07 3.268070586049929332e-07 9.086857518247710164e-06
1.729638914881619769e+02 -2.196575543516879170e-06 2.361516293861746689e-07 1.230355625657867677e-05
2.418784991955871533e+02 -5.047901676403133608e-06 1.714555805709239584e-07 1.663400101455203252e-05
3.382509948737704235e+02 -7.712299361976326126e-06 1.251193629823986456e-07 2.122114708745105374e-05
