# theta (arcmin), gt, err(jk),  cross term
2.956384504865046114e-01 2.305589097173197689e-03 4.088279597297219715e-03 3.671103120967567340e-03
4.134307114215157175e-01 1.399308376209680528e-04 3.203762474294024384e-03 -1.257591118084383161e-03
5.781553545055636567e-01 -3.306938371879669138e-05 2.423669942092563940e-03 -1.370083393797520439e-03
8.085118127633570406e-01 2.427552255140688446e-03 1.507877832624581176e-03 1.402151166547540217e-03
1.130649999664751215e+00 4.924722415574408086e-04 1.350300363290038918e-03 -1.124609388415312872e-03
1.581138830084189983e+00 1.079991544379627918e-04 8.136741978484769841e-04 9.503374584249179181e-04
2.211117499439504197e+00 5.108712182411675237e-04 5.616266450168984738e-04 -5.198062052277094367e-04
3.092100771484616040e+00 -4.337403076738390202e-05 4.529109582298845990e-04 -2.189646293004725037e-04
4.324097287204045514e+00 1.465384567952518371e-04 3.550524672857036904e-04 -2.980126418823635917e-05
6.046962479889673503e+00 2.353227506191488355e-04 2.476954713720253757e-04 4.792506333884526289e-05
8.456274871844255969e+00 6.400176745217677269e-05 1.747780905005206782e-04 3.295058804260213780e-04
1.182553801946018801e+01 -5.081967549134334391e-05 1.149012244659334333e-04 -5.270903477529200712e-05
1.653722845686063181e+01 9.845383866844153889e-05 8.624141780227577089e-05 5.678902040718017196e-05
2.312621418022254716e+01 2.081039432150045575e-05 6.363864754826207128e-05 5.611375027106614333e-05
3.234047251053430472e+01 2.053928701191869830e-05 4.548329778295617587e-05 -6.818119096257624031e-06
4.522599998659006815e+01 6.869941704581095847e-05 3.540989159433825519e-05 -2.090416248602690365e-05
6.324555320336758513e+01 5.454343155913778693e-06 2.681484791129304222e-05 -1.286574632716531408e-05
8.844469997758012880e+01 1.731950016177638701e-05 1.794565083303102833e-05 -5.635529698234398186e-06
1.236840308593845208e+02 1.086907261441172727e-05 1.695389206072341442e-05 2.587744952259425678e-06
1.729638914881619769e+02 2.522789913562753224e-05 1.302485385768888705e-05 -1.558942128401763766e-06
2.418784991955871533e+02 1.536144231677021021e-05 1.192437676165499068e-05 -4.781138297166085545e-06
3.382509948737704235e+02 1.813292407079787616e-05 9.265305936842313679e-06 3.626624631984020432e-07
