# theta (arcmin), gt, err(jk),  cross term
2.956384504865046114e-01 -3.305124830296275740e-03 4.532438797056136115e-03 -3.832824574749917339e-04
4.134307114215157175e-01 1.905740489356153857e-03 3.024985459575425892e-03 3.872947380714454276e-04
5.781553545055636567e-01 3.004825826627787952e-03 2.281553019152170701e-03 -2.847865781454564892e-03
8.085118127633570406e-01 -2.725965662655259014e-04 1.817291706463142718e-03 -1.513424220048825654e-04
1.130649999664751215e+00 5.339713443044237853e-04 1.096894731674341074e-03 4.274630809494687502e-04
1.581138830084189983e+00 -4.853707680734232186e-04 6.288408065392223209e-04 3.378000656041971216e-04
2.211117499439504197e+00 -8.386417434004135433e-05 6.223950791932443896e-04 -2.066727962251043522e-04
3.092100771484616040e+00 -7.972179670354947794e-05 4.523511033277747011e-04 1.899067185266866298e-04
4.324097287204045514e+00 -1.406701578014051554e-04 3.059118726059457450e-04 3.197359066062305461e-04
6.046962479889673503e+00 3.828975448374572583e-04 2.136299179977603382e-04 2.118916745645148909e-04
8.456274871844255969e+00 2.689983210751436334e-04 1.710274099379429941e-04 -4.443089929124625383e-05
1.182553801946018801e+01 3.277468051695079602e-04 1.409673757375917095e-04 -3.428700679548129756e-05
1.653722845686063181e+01 3.145812966759893060e-04 8.843967069964589836e-05 5.420009735915923027e-05
2.312621418022254716e+01 2.518626638280348543e-04 7.925482569012014180e-05 -3.874579362694062634e-06
3.234047251053430472e+01 2.781002693730668589e-04 6.100159917266147224e-05 -2.220131979418712648e-05
4.522599998659006815e+01 2.418893444032864219e-04 4.464259630804142824e-05 -1.808113697630832239e-05
6.324555320336758513e+01 1.394425312116881737e-04 4.847784905325700611e-05 -2.154909929506427344e-05
8.844469997758012880e+01 9.073733606557400557e-05 4.045129699474521283e-05 -8.642966472586603789e-06
1.236840308593845208e+02 4.760918667426138035e-05 3.607123111532251183e-05 4.412163681028665020e-06
1.729638914881619769e+02 2.730529292730697700e-05 2.763337572862092643e-05 -1.089363860741400530e-05
2.418784991955871533e+02 3.221504288592839927e-05 3.375019603553988624e-05 -8.169077888588786683e-06
3.382509948737704235e+02 2.500901275439831054e-05 2.848949280691853787e-05 -1.295705323630722836e-06
