#         patch                     x                        y                        z            
  0.0000000000000000e+00   3.2611656025965280e-01  -4.7412856890818933e-01  -8.1783255576522795e-01
  1.0000000000000000e+00   4.3420343363576669e-01  -4.8394899211199927e-01  -7.5977677725282600e-01
  2.0000000000000000e+00   3.1149789613841128e-01  -3.4884417019157804e-01  -8.8389863990431206e-01
  3.0000000000000000e+00   5.3046871597659373e-01  -3.7413002014684177e-01  -7.6067711244329395e-01
  4.0000000000000000e+00   4.1699396914322656e-01  -3.6946657746189199e-01  -8.3042788840258341e-01
  5.0000000000000000e+00   6.0156053186728309e-01  -2.4583281553229974e-01  -7.6005996691512046e-01
  6.0000000000000000e+00   4.0561637218158952e-01  -2.2616807014793475e-01  -8.8562032647393840e-01
  7.0000000000000000e+00   4.9695898399773708e-01  -2.7309488938389109e-01  -8.2368133984954228e-01
  8.0000000000000000e+00   4.5602983559151028e-01  -7.4444494334894057e-02  -8.8684542413748857e-01
  9.0000000000000000e+00   5.3036282527045664e-01  -1.5436545550532182e-01  -8.3359857228630940e-01
  1.0000000000000000e+01   6.3445590681602515e-01  -1.0852420557929691e-01  -7.6530268463506490e-01
  1.1000000000000000e+01   5.6164353022935565e-01  -1.8318868723307184e-02  -8.2717650111702590e-01
  1.2000000000000000e+01   4.7257686081394557e-01  -5.5706064511373021e-01  -6.8290156559251747e-01
  1.3000000000000000e+01   5.6625385386084637e-01  -4.5821380514692100e-01  -6.8512530369306812e-01
  1.4000000000000000e+01   6.4269896962538153e-01  -3.4661384186860206e-01  -6.8322535013534202e-01
  1.5000000000000000e+01   6.9667349709880921e-01  -2.1943525861246554e-01  -6.8300381091015572e-01
  1.6000000000000000e+01   7.2281442630077042e-01  -9.2167909706534629e-02  -6.8486814902710758e-01
  1.7000000000000000e+01   7.6314634553590333e-01   2.0932084023287365e-02  -6.4588660239521722e-01
  1.8000000000000000e+01   7.6955631155014592e-01  -6.3857876248761136e-01  -4.9744660571802036e-04
  1.9000000000000000e+01   8.4525952240094349e-01  -5.3435517238583452e-01  -9.4315164947205831e-04
  2.0000000000000000e+01   9.0749254941698920e-01  -4.2006799961838670e-01   3.8529113723325911e-04
  2.1000000000000000e+01   9.5457773850358585e-01  -2.9796187803170415e-01   2.4575027911678994e-04
  2.2000000000000000e+01   9.8530264513338062e-01  -1.7081736085005886e-01   3.5598508978904709e-04
  2.3000000000000000e+01   9.9918470554625083e-01  -4.0323703113328439e-02  -1.9806992907158479e-03
  2.4000000000000000e+01   4.2046036536192416e-01   2.0882945068085362e-01  -8.8295149452733257e-01
  2.5000000000000000e+01   2.1069451522478869e-01   3.8463638067249745e-01  -8.9870054852400805e-01
  2.6000000000000000e+01   3.4738255075945179e-01   3.2655067589571901e-01  -8.7902788323232717e-01
  2.7000000000000000e+01   4.6816730670067180e-01   7.5683082569175317e-02  -8.8039277822428008e-01
  2.8000000000000000e+01   5.3116794224936659e-01   2.0991698264672012e-01  -8.2085045990306305e-01
  2.9000000000000000e+01   4.7016224166760012e-01   3.3100201692566988e-01  -8.1815960013999456e-01
  3.0000000000000000e+01   6.7206879518421792e-01   3.5851683990919939e-02  -7.3962030211092034e-01
  3.1000000000000000e+01   5.8310232964141551e-01   1.0159078551652123e-01  -8.0602170284979935e-01
  3.2000000000000000e+01   7.4180813165182991e-01   1.4545480645494793e-01  -6.5464768776371229e-01
  3.3000000000000000e+01   6.5276729317903170e-01   1.8873509454210941e-01  -7.3367153757243520e-01
  3.4000000000000000e+01   5.9195629498146085e-01   3.0443475808479992e-01  -7.4626216767411635e-01
  3.5000000000000000e+01   8.0265112702144570e-01   2.1270968225225795e-01  -5.5723043650481474e-01
  3.6000000000000000e+01   7.1231525748150026e-01   2.8706716923447995e-01  -6.4046812122600327e-01
  3.7000000000000000e+01   8.2768199082505445e-01   7.3661088563179752e-02  -5.5634213043374814e-01
  3.8000000000000000e+01   8.7759337968659923e-01   1.3066570599179381e-01  -4.6125517147010758e-01
  3.9000000000000000e+01   9.0819890258483116e-01   2.1015733322858149e-01  -3.6195116885287060e-01
  4.0000000000000000e+01   7.7973896034736712e-01   3.4647992645107689e-01  -5.2149670591755748e-01
  4.1000000000000000e+01   8.5198984996346439e-01   2.7321312223719713e-01  -4.4661827705170765e-01
  4.2000000000000000e+01   9.0544813139261882e-01   3.1179761154973323e-01  -2.8800335204559102e-01
  4.3000000000000000e+01   9.9449099998901624e-01   7.0458084517239658e-02  -7.7609981748536630e-02
  4.4000000000000000e+01   9.9683922399096725e-01   6.9236340551019210e-02   3.8960116275358475e-02
  4.5000000000000000e+01   9.8201471563738474e-01   1.8544715197170833e-01   3.5446468049842750e-02
  4.6000000000000000e+01   8.7854778056202376e-01   4.2127857860562812e-01  -2.2511809451388773e-01
  4.7000000000000000e+01   9.7393783586979343e-01   2.1446607679061491e-01  -7.3820009261075459e-02
  4.8000000000000000e+01   9.5093550473407873e-01   3.0727727022209494e-01   3.6088017969963727e-02
  4.9000000000000000e+01  -2.5953678715772564e-02   5.3413027550571446e-01  -8.4500370138201641e-01
  5.0000000000000000e+01   1.1561579202129352e-01   4.7959182630197250e-01  -8.6984174927375602e-01
  5.1000000000000000e+01   9.7854360699870718e-02   5.8649820548410969e-01  -8.0401764847292911e-01
  5.2000000000000000e+01  -2.4733648120005003e-02   6.4772396456977299e-01  -7.6147351390097040e-01
  5.3000000000000000e+01  -1.0060939732999246e-02   7.3992064538474323e-01  -6.7261892333260598e-01
  5.4000000000000000e+01   1.0184067945599251e-01   6.7620034778785609e-01  -7.2964482158069499e-01
  5.5000000000000000e+01   3.0296444536188977e-01   4.4913359372303885e-01  -8.4053052284613128e-01
  5.6000000000000000e+01   2.1859995738406884e-01   5.3987166202561665e-01  -8.1286693079087768e-01
  5.7000000000000000e+01   4.1536527975985210e-01   4.5039041183535738e-01  -7.9032914744225213e-01
  5.8000000000000000e+01   2.3405667094282923e-01   6.5010305071337626e-01  -7.2289936937330468e-01
  5.9000000000000000e+01   2.7051532756331481e-01   7.3679885155296843e-01  -6.1963611087761783e-01
  6.0000000000000000e+01   3.3793891734028608e-01   5.6101694233616228e-01  -7.5568331896281704e-01
  6.1000000000000000e+01   4.6340784666970486e-01   5.4908066039863634e-01  -6.9553116107126700e-01
  6.2000000000000000e+01   2.2575057901200648e-02   8.1621151406430725e-01  -5.7731198763719482e-01
  6.3000000000000000e+01   5.0209018661331935e-02   8.7923087442467240e-01  -4.7374267688639982e-01
  6.4000000000000000e+01   1.3563042909109066e-01   7.4937737357675016e-01  -6.4810333950364618e-01
  6.5000000000000000e+01   1.6479016953988823e-01   8.1650945141039422e-01  -5.5331412035164262e-01
  6.6000000000000000e+01   8.8386848172515867e-02   9.2592183347297630e-01  -3.6722816254771451e-01
  6.7000000000000000e+01   1.9427038816548978e-01   8.7093761612419629e-01  -4.5136092553734852e-01
  6.8000000000000000e+01   2.1662760930218039e-01   9.1180481993633355e-01  -3.4883298185362582e-01
  6.9000000000000000e+01   3.7576755548270252e-01   6.4892268075858439e-01  -6.6158755931746971e-01
  7.0000000000000000e+01   3.9716953435270080e-01   7.2585189364956504e-01  -5.6160073848544712e-01
  7.1000000000000000e+01   3.0166751881445192e-01   8.1059122435508035e-01  -5.0193483151786145e-01
  7.2000000000000000e+01   3.3335874037816288e-01   8.6778437969332323e-01  -3.6854066339246577e-01
  7.3000000000000000e+01   4.2122761681067789e-01   7.9493142981429898e-01  -4.3663636670505490e-01
  7.4000000000000000e+01   4.5952353576892674e-01   8.3271272406217767e-01  -3.0891364369249141e-01
  7.5000000000000000e+01   5.2770455535347649e-01   4.3014685056219704e-01  -7.3246268793066349e-01
  7.6000000000000000e+01   6.3397524540586236e-01   3.9085795636238641e-01  -6.6731210551045406e-01
  7.7000000000000000e+01   6.9719346785415315e-01   4.3034567251619693e-01  -5.7334446062387490e-01
  7.8000000000000000e+01   5.8211616189669269e-01   5.1174725496981743e-01  -6.3186669566414100e-01
  7.9000000000000000e+01   5.1501251155750849e-01   6.2332714296148328e-01  -5.8840919927096791e-01
  8.0000000000000000e+01   6.5119445005067866e-01   5.4766335657871068e-01  -5.2536714408509999e-01
  8.1000000000000000e+01   7.5753731829655702e-01   4.6702451522401645e-01  -4.5609792102993968e-01
  8.2000000000000000e+01   7.1267792032422173e-01   5.7809529990198338e-01  -3.9736130424788257e-01
  8.3000000000000000e+01   8.4122717592537466e-01   3.8598591930020471e-01  -3.7861815670487148e-01
  8.4000000000000000e+01   5.0115045967649907e-01   7.1022668651878740e-01  -4.9439485284798218e-01
  8.5000000000000000e+01   5.4259474154715548e-01   7.4970042611438958e-01  -3.7886701826535168e-01
  8.6000000000000000e+01   6.0464847042617187e-01   6.4636686681371258e-01  -4.6541390256062959e-01
  8.7000000000000000e+01   8.0382541423050302e-01   5.0002098422197039e-01  -3.2224791508224304e-01
  8.8000000000000000e+01   8.1739162642778840e-01   5.4284370271684534e-01  -1.9285135069892625e-01
  8.9000000000000000e+01   7.4228670019069054e-01   6.1584537207258883e-01  -2.6409265877110361e-01
  9.0000000000000000e+01   9.3438899543991649e-01   3.4841165860118217e-01  -7.4340576750232729e-02
  9.1000000000000000e+01   8.7940789137382569e-01   4.6659665711206827e-01  -9.4495080090363892e-02
  9.2000000000000000e+01   9.0129460418097407e-01   4.3197566324109204e-01   3.2635300545265304e-02
  9.3000000000000000e+01   8.3603541966495154e-01   5.4723795584218649e-01   3.9691267947919405e-02
  9.4000000000000000e+01   5.7017432240209198e-01   7.8235438120057721e-01  -2.5064489679540081e-01
  9.5000000000000000e+01   6.6777699668370960e-01   7.1272635655415306e-01  -2.1469751599198139e-01
  9.6000000000000000e+01   6.4664027113321476e-01   6.8277672209185281e-01  -3.4010631796287993e-01
  9.7000000000000000e+01   7.4134486488396367e-01   6.6076771494650544e-01  -1.1744708678614167e-01
  9.8000000000000000e+01   8.1310633837711188e-01   5.7794303038438255e-01  -6.9569649424746291e-02
  9.9000000000000000e+01   7.4814014489968095e-01   6.6300574935842904e-01   2.6640193451851479e-02
